1 9.96
2 9.96
3 9.96
4 9.97
5 9.98
6 9.97
7 9.97
8 9.97
9 9.97
10 9.98
11 9.98
12 9.98
13 9.98
14 9.98
15 9.95
16 9.94
17 9.97
18 9.97
19 9.96
20 9.95
21 9.94
22 9.97
23 9.98
24 9.98
25 9.98
26 9.98
27 9.96
28 9.98
29 9.96
30 9.98
31 9.95
32 9.97
33 9.97
34 9.97
35 9.97
36 9.97
37 9.97
38 9.97
39 9.96
40 9.97
41 9.96
42 9.96
43 9.91
44 9.94
45 9.97
46 9.97
47 9.97
48 9.93
49 9.98
50 9.97
51 9.98
52 9.98
53 9.97
54 9.97
55 9.97
56 9.97
57 9.97
58 9.98
59 9.97
60 9.97
61 9.98
62 9.98
63 9.97
64 9.98
65 9.98
66 9.97
67 9.98
68 9.97
69 9.97
70 9.96
71 9.96
